320.1 12.5 26.3 14.2
315.8 13.1 25.7 13.8
318.4 11.9 27.0 14.5
310.0 14.2 24.5 13.0
322.5 13.5 26.8 15.0
316.7 12.2 25.1 14.1
319.3 13.7 27.4 14.8
314.0 12.9 26.0 13.6
317.8 13.4 25.9 14.2
313.1 12.8 26.5 13.7
320.4 13.0 26.7 14.6
318.6 12.6 27.1 15.2
315.2 13.2 25.4 14.3
319.9 12.4 27.3 14.5
317.0 13.1 26.2 14.0
316.4 12.7 25.8 13.9
314.8 13.3 27.0 14.7
318.2 13.6 26.1 14.8
313.5 12.8 25.6 13.5
319.1 13.4 27.2 14.9
321.5 12.9 26.6 15.0
314.3 12.7 25.3 14.2
317.5 13.5 26.9 14.3
320.0 12.6 27.5 14.8
315.9 13.1 26.4 13.9
316.8 12.8 25.7 14.0
318.7 13.2 27.0 14.7
319.4 12.9 26.8 15.1
314.6 13.3 25.2 13.8
321.0 12.5 26.9 14.6
