340.2 14.7 28.5 16.1
335.9 13.8 27.9 15.6
338.0 15.2 29.1 17.3
342.1 13.5 28.0 16.9
336.7 14.3 28.2 16.5
341.5 14.9 29.4 17.0
339.0 13.7 28.7 16.7
337.8 14.5 28.3 16.3
340.9 14.2 28.9 16.6
335.3 15.0 28.1 15.9
338.6 13.9 29.0 16.8
339.7 14.6 28.8 16.4
336.5 14.1 28.4 16.0
342.0 14.8 29.5 17.2
338.9 13.8 28.6 16.5
337.4 14.4 28.0 16.3
340.3 14.7 29.2 16.9
335.8 13.6 28.7 16.2
338.1 14.5 28.8 16.5
341.0 14.3 29.3 17.1
336.2 13.7 28.1 16.0
338.9 14.6 29.0 16.6
340.7 14.2 28.4 16.4
335.7 14.3 28.0 15.9
337.3 14.9 29.1 16.8
341.6 13.8 28.2 16.3
338.0 14.7 29.4 17.0
337.8 14.1 28.9 16.4
339.2 14.2 28.3 16.2
342.3 14.4 29.2 16.8
