350.3 14.8 30.1 19.0
348.5 15.2 29.8 18.5
349.9 14.9 30.0 18.9
351.0 15.0 29.7 19.2
348.3 14.6 30.2 18.6
350.7 15.1 29.9 19.1
349.0 14.5 30.3 18.8
347.6 15.2 30.1 19.0
350.8 14.8 29.9 19.3
348.9 14.9 30.2 18.5
349.4 15.0 30.1 19.2
350.6 14.7 30.0 18.7
348.1 15.2 30.4 18.9
349.8 14.8 29.7 19.3
347.3 15.0 30.2 18.6
351.1 14.6 30.0 19.2
349.2 14.9 30.3 18.8
348.7 15.1 30.1 19.0
350.4 14.8 30.2 18.9
349.1 15.2 29.9 18.7
348.4 14.7 30.0 19.1
350.0 15.0 30.3 18.8
348.8 14.9 30.4 19.2
351.3 15.2 29.8 18.6
349.7 14.6 30.1 19.3
348.0 15.1 30.0 18.9
351.2 14.9 30.3 19.2
348.6 15.0 30.1 18.7
349.5 14.8 30.2 18.8
351.4 15.1 29.9 19.4
