355.1 16.2 31.4 20.1
353.5 16.0 31.0 19.8
354.6 16.3 31.2 20.0
356.2 16.1 31.1 20.2
352.9 16.5 31.5 20.0
355.8 16.4 31.0 19.9
353.2 16.0 31.3 20.1
354.0 16.2 31.1 19.8
355.4 16.3 31.4 20.2
352.7 16.0 31.0 19.7
354.9 16.2 31.5 20.3
355.5 16.1 31.2 20.0
353.1 16.4 31.1 19.8
354.3 16.3 31.4 20.2
356.1 16.0 31.0 19.9
352.6 16.5 31.2 20.3
354.5 16.4 31.1 20.0
353.8 16.1 31.3 20.1
355.6 16.3 31.4 19.9
354.7 16.0 31.2 20.3
353.4 16.2 31.5 20.2
355.0 16.4 31.0 19.9
354.1 16.1 31.4 20.0
352.8 16.3 31.1 20.1
356.3 16.0 31.3 20.2
353.6 16.5 31.4 20.0
354.8 16.4 31.1 19.8
355.3 16.1 31.2 20.1
353.0 16.2 31.5 19.9
355.2 16.3 31.3 20.2
