345.2 13.7 29.0 18.2
340.8 14.1 28.4 17.9
342.6 13.5 29.3 18.5
346.0 14.3 28.7 17.8
343.7 14.0 29.1 18.3
345.9 13.9 29.2 18.6
342.0 14.4 28.5 17.7
341.5 14.0 29.4 18.4
344.2 14.3 28.8 17.6
343.1 13.7 29.3 18.0
345.7 14.2 28.7 18.1
340.5 14.4 29.0 17.9
342.8 14.1 28.4 18.2
346.4 14.0 29.5 18.8
343.0 13.8 29.1 18.3
341.8 14.5 28.6 17.7
345.6 14.3 29.2 18.7
342.2 13.6 28.8 18.1
344.1 14.4 29.3 18.4
341.9 14.1 28.7 17.9
343.5 13.9 29.2 18.5
344.3 14.2 29.0 18.6
340.9 14.3 28.5 18.0
346.5 13.8 29.4 18.7
342.6 14.1 28.6 17.8
341.7 14.4 28.8 18.3
344.8 14.3 29.1 18.6
342.4 13.7 29.0 17.8
343.2 14.5 28.7 18.2
345.3 14.0 29.5 18.8
